199 466  
1   
2   
3   
4   
5   
6   
7   
8   
9   
10   
11   
12   
13   
14   
15   
16   
17   
18   
19   
20   
21   
22   
23   
24   
25   
26   
27   
28   
29   
30   
31   
32   
33   
34   
35   
36   
37   
38   
39   
40   
41   
42   
43   
44   
45   
46   
47   
48   
49   
50   
51   
52   
53   
54   
55   
56   
57   
58   
59   
60   
61   
62   
63   
64   
65   
66   
67   
68   
69   
70   
71   
72   
73   
74   
75   
76   
77   
78   
79   
80   
81   
82   
83   
84   
85   
86   
87   
88   
89   
90   
91   
92   
93   
94   
95   
96   
97   
98   
99   
100   
101   
102   
103   
104   
105   
106   
107   
108   
109   
110   
111   
112   
113   
114   
115   
116   
117   
118   
119   
120   
121   
122   
123   
124   
125   
126   
127   
128   
129   
130   
131   
132   
133   
134   
135   
136   
137   
138   
139   
140   
141   
142   
143   
144   
145   
146   
147   
148   
149   
150   
151   
152   
153   
154   
155   
156   
157   
158   
159   
160   
161   
162   
163   
164   
165   
166   
167   
168   
169   
170   
171   
172   
173   
174   
175   
176   
177   
178   
179   
180   
181   
182   
183   
184   
185   
186   
187   
188   
189   
190   
191   
192   
193   
194   
195   
196   
197   
198   
199   
1 8 0.4802564715 Taxi
1 9 0.5589544444 Taxi
1 46 1.6253951925 Bus
1 46 1.6253951925 Underground
1 58 1.5202821861 Bus
2 10 0.8638154937 Taxi
2 20 0.949606703 Taxi
3 4 0.5777961293 Taxi
3 11 0.4818071191 Taxi
3 12 0.5688749713 Taxi
3 22 1.054157137 Bus
3 23 0.9478095866 Bus
4 13 0.5985846521 Taxi
5 15 0.5404418207 Taxi
5 16 0.4247397526 Taxi
6 7 0.6916997221 Taxi
6 29 0.6935843088 Taxi
7 17 0.6754881928 Taxi
7 42 1.1103531019 Bus
8 18 0.3206698195 Taxi
8 19 0.38713666 Taxi
9 19 0.4129090693 Taxi
9 20 0.3470033379 Taxi
10 11 0.3540710317 Taxi
10 21 0.6897327446 Taxi
10 34 0.6516412882 Taxi
11 22 0.5760414498 Taxi
12 23 0.3796322226 Taxi
13 14 0.6348686749 Taxi
13 14 0.6348686749 Bus
13 23 0.4737220654 Taxi
13 23 0.4737220654 Bus
13 24 0.4596222333 Taxi
13 46 2.3050558649 Underground
13 52 1.3442750823 Bus
13 67 1.2292282882 Underground
13 89 2.7883784914 Underground
14 15 0.5643615118 Taxi
14 15 0.5643615118 Bus
14 25 0.532896708 Taxi
15 16 0.7022489618 Taxi
15 26 0.2498867557 Taxi
15 28 0.5563269785 Taxi
15 29 1.2829492437 Bus
15 41 0.9507281757 Bus
16 28 0.3667837818 Taxi
16 29 0.5872624551 Taxi
17 29 0.6084719868 Taxi
17 30 0.4476422805 Taxi
18 31 0.286164902 Taxi
18 43 0.5264590634 Taxi
19 32 0.4663542436 Taxi
20 33 0.4596222333 Taxi
21 33 0.360113763 Taxi
22 23 0.5432932574 Taxi
22 23 0.5432932574 Bus
22 34 0.4085635611 Taxi
22 34 0.4085635611 Bus
22 35 0.323234888 Taxi
22 65 0.9463750662 Bus
23 37 0.3169093919 Taxi
23 67 1.1741619543 Bus
24 37 0.640341962 Taxi
24 38 0.3730491194 Taxi
25 38 0.2855125141 Taxi
25 39 0.2533803643 Taxi
26 27 0.244824961 Taxi
26 39 0.5622333551 Taxi
27 28 0.2748638012 Taxi
27 40 0.448652828 Taxi
28 41 0.4110986231 Taxi
29 41 0.7441676541 Taxi
29 41 0.7441676541 Bus
29 42 0.7084805545 Taxi
29 42 0.7084805545 Bus
29 55 0.5650691163 Bus
30 42 0.4575309181 Taxi
31 43 0.4299139948 Taxi
31 44 0.5681252182 Taxi
32 33 0.5827085522 Taxi
32 44 0.4134248835 Taxi
32 45 0.4210862803 Taxi
33 46 0.3479999253 Taxi
34 46 0.9013933602 Bus
34 47 0.4443571169 Taxi
34 48 0.3993307844 Taxi
34 63 0.8432157733 Bus
35 36 0.2049002751 Taxi
35 48 0.4572979593 Taxi
35 65 0.6255691638 Taxi
36 37 0.443997265 Taxi
36 49 0.3139534769 Taxi
37 50 0.4263673538 Taxi
38 50 0.5813812482 Taxi
38 51 0.2996259234 Taxi
39 51 0.3658383675 Taxi
39 52 0.3158990512 Taxi
40 41 0.2308231869 Taxi
40 52 0.2938806152 Taxi
40 53 0.2921532277 Taxi
41 52 0.5243802936 Bus
41 54 0.2914228435 Taxi
41 87 1.0380629674 Bus
42 56 0.401459854 Taxi
42 72 0.5755325179 Taxi
42 72 0.5755325179 Bus
43 57 0.4697124246 Taxi
44 58 0.2685893357 Taxi
45 46 0.4154817364 Taxi
45 58 0.3785781746 Taxi
45 59 0.3241401943 Taxi
45 60 0.2481751825 Taxi
46 47 0.4572397011 Taxi
46 58 0.7940451827 Bus
46 61 0.473328258 Taxi
46 74 1.3834187007 Underground
46 78 0.8102189781 Bus
46 79 0.8919755815 Underground
47 62 0.5111574131 Taxi
48 62 0.6182012064 Taxi
48 63 0.4481775601 Taxi
49 50 0.4608377845 Taxi
49 66 0.2876505182 Taxi
51 52 0.387961526 Taxi
51 67 0.5479802738 Taxi
51 68 0.364817489 Taxi
52 67 0.9053743432 Bus
52 69 0.3632807924 Taxi
52 86 0.8515467494 Bus
53 54 0.2769878242 Taxi
53 69 0.2453684133 Taxi
54 55 0.6427089162 Taxi
54 70 0.3504409893 Taxi
55 71 0.3192544194 Taxi
55 89 0.7215947789 Bus
56 91 0.5346435059 Taxi
57 58 0.5620911915 Taxi
57 73 0.2725278059 Taxi
58 59 0.217758159 Taxi
58 74 0.6358749394 Taxi
58 74 0.6358749394 Bus
58 75 0.3936871988 Taxi
58 77 0.8361408653 Bus
59 75 0.345849861 Taxi
59 76 0.2942429835 Taxi
60 61 0.4481181162 Taxi
60 76 0.2751544062 Taxi
61 62 0.2708609535 Taxi
61 76 0.5635112136 Taxi
61 78 0.337033471 Taxi
62 79 0.3531670191 Taxi
63 64 0.3721912054 Taxi
63 65 0.7157752217 Bus
63 79 0.5275711241 Taxi
63 79 0.5275711241 Bus
63 80 0.2862579788 Taxi
63 100 0.7261948381 Bus
64 65 0.3436088262 Taxi
64 81 0.5007320551 Taxi
65 66 0.2090192856 Taxi
65 67 0.7276607154 Bus
65 82 0.3901526428 Taxi
65 82 0.3901526428 Bus
66 67 0.5187105987 Taxi
66 82 0.4251785658 Taxi
67 68 0.5332964805 Taxi
67 79 1.9706677434 Underground
67 82 0.8008267346 Bus
67 84 0.3467729495 Taxi
67 89 1.9928210439 Underground
67 102 0.5173735809 Bus
67 111 1.7934530864 Underground
68 69 0.4037756697 Taxi
68 85 0.3139534769 Taxi
69 86 0.4944683082 Taxi
70 71 0.5914210773 Taxi
70 87 0.4094103259 Taxi
71 72 0.4745086997 Taxi
71 89 0.4031153656 Taxi
72 90 0.4212127897 Taxi
72 91 0.4607799738 Taxi
72 105 0.7475607233 Bus
72 107 0.9316225133 Bus
73 74 0.3252068527 Taxi
73 92 0.4920920815 Taxi
74 75 0.361147938 Taxi
74 92 0.4707887736 Taxi
74 94 0.3120811435 Bus
75 94 0.4905196384 Taxi
76 77 0.3255343521 Taxi
77 78 0.4309042962 Taxi
77 78 0.4309042962 Bus
77 94 0.9748557082 Bus
77 95 0.7300729781 Taxi
77 96 0.4766373056 Taxi
77 124 1.1917273946 Bus
78 79 0.2748638012 Taxi
78 79 0.2748638012 Bus
78 97 0.3878928542 Taxi
79 93 2.1345467028 Underground
79 98 0.3511244809 Taxi
79 111 0.8847486175 Underground
80 99 0.2248601723 Taxi
80 100 0.4673813312 Taxi
81 82 0.2368610327 Taxi
81 100 0.2599196177 Taxi
82 100 0.4905739445 Bus
82 101 0.2090192856 Taxi
82 140 1.2528618207 Bus
83 101 0.4959208103 Taxi
83 102 0.3024576548 Taxi
84 85 0.2676951945 Taxi
85 103 0.1539782709 Taxi
86 87 0.477195887 Bus
86 102 0.8619631352 Bus
86 103 0.4500756207 Taxi
86 104 0.2408759124 Taxi
86 116 0.7153657074 Bus
87 88 0.1829191837 Taxi
87 105 0.7075399017 Bus
88 89 0.3300852279 Taxi
88 117 0.7754078878 Taxi
89 105 0.3320165085 Taxi
89 105 0.3320165085 Bus
89 128 1.9873997029 Underground
89 140 2.6890653605 Underground
90 91 0.5522899982 Taxi
90 105 0.3268410683 Taxi
91 105 0.7742045049 Taxi
91 107 0.522548214 Taxi
92 93 0.1992313002 Taxi
93 94 0.4551959658 Taxi
93 94 0.4551959658 Bus
94 95 0.244824961 Taxi
95 122 1.0968595433 Taxi
96 97 0.2608404144 Taxi
96 109 0.4955983999 Taxi
97 98 0.2769878242 Taxi
97 109 0.4372865927 Taxi
98 99 0.3504409893 Taxi
98 110 0.3606312212 Taxi
99 110 0.2266302875 Taxi
99 112 0.3547475294 Taxi
100 101 0.4685767546 Taxi
100 111 0.5083353386 Bus
100 112 0.3342555662 Taxi
100 113 0.3017522133 Taxi
101 114 0.3036005014 Taxi
102 103 0.4119401769 Taxi
102 115 0.3107980855 Taxi
102 127 0.8840558191 Bus
104 116 0.4745086997 Taxi
105 106 0.4196286818 Taxi
105 107 0.8004274525 Bus
105 108 0.466811006 Taxi
105 108 0.466811006 Bus
106 107 0.38208036 Taxi
107 119 0.6607351523 Taxi
107 161 1.6638813816 Bus
108 116 1.0454277475 Bus
108 117 0.487304868 Taxi
108 119 0.7545129464 Taxi
108 135 0.605883386 Bus
109 110 0.5364839365 Taxi
109 124 0.3180003053 Taxi
110 111 0.202940712 Taxi
111 112 0.174114751 Taxi
111 124 0.7679512057 Taxi
111 124 0.7679512057 Bus
111 153 1.1156188715 Underground
111 163 2.4692040024 Underground
112 125 0.3364797247 Taxi
113 114 0.4432766847 Taxi
113 125 0.3810330843 Taxi
114 115 0.5003062624 Taxi
114 126 0.2701716135 Taxi
114 131 0.8037487425 Taxi
114 132 0.3874805676 Taxi
115 126 0.4413493856 Taxi
115 127 0.6259523087 Taxi
116 117 0.6093906997 Taxi
116 118 0.3503649635 Taxi
116 127 0.6316715952 Taxi
116 127 0.6316715952 Bus
116 142 0.8540457914 Bus
117 129 0.2248601723 Taxi
118 129 0.5296373703 Taxi
118 134 0.3787188838 Taxi
118 142 0.5037025255 Taxi
119 136 0.5435383705 Taxi
120 121 0.2628750818 Taxi
120 144 0.6432061124 Taxi
121 122 0.3740475321 Taxi
121 145 0.6239061503 Taxi
122 123 0.8948083457 Taxi
122 123 0.8948083457 Bus
122 144 0.8629824244 Bus
122 146 0.6159130835 Taxi
123 124 0.5205050069 Taxi
123 124 0.5205050069 Bus
123 137 0.3767441723 Taxi
123 144 1.6165864665 Bus
123 148 0.605883386 Taxi
123 149 0.5187105987 Taxi
123 165 0.9809578099 Bus
124 130 0.7968249103 Taxi
124 138 0.3219135339 Taxi
124 153 0.8277835696 Bus
125 131 0.1883720861 Taxi
126 127 0.6005840126 Taxi
126 140 0.6441993537 Taxi
127 133 0.5161363366 Taxi
127 133 0.5161363366 Bus
127 134 0.3776622867 Taxi
128 185 1.7332346954 Underground
128 187 1.042186499 Bus
128 188 0.8774317723 Taxi
128 199 1.4623336605 Bus
129 135 0.2599196177 Taxi
129 142 0.6897327446 Taxi
129 143 0.3806833521 Taxi
130 131 0.255370156 Taxi
130 139 0.2520098759 Taxi
132 140 0.38713666 Taxi
133 140 0.5476398681 Taxi
133 140 0.5476398681 Bus
133 141 0.2332342381 Taxi
133 157 0.6532744769 Bus
134 141 0.3721912054 Taxi
134 142 0.464522703 Taxi
135 128 0.7571563492 Bus
135 136 0.9192444667 Taxi
135 143 0.320170981 Taxi
135 161 0.8598589716 Taxi
135 161 0.8598589716 Bus
136 162 0.4807000241 Taxi
137 147 0.4284242508 Taxi
138 150 0.353393239 Taxi
138 152 0.237647016 Taxi
139 140 0.8836639971 Taxi
139 153 0.4413493856 Taxi
139 154 0.424677028 Taxi
140 128 1.7661367928 Underground
140 153 1.2229708637 Underground
140 154 0.5973372281 Taxi
140 154 0.5973372281 Bus
140 156 0.6311653128 Taxi
140 156 0.6311653128 Bus
141 142 0.6111368084 Taxi
141 158 0.3856888997 Taxi
142 128 0.4703925105 Taxi
142 128 0.4703925105 Bus
142 143 0.5070235033 Taxi
142 157 1.0871012466 Bus
142 158 0.4882333287 Taxi
143 128 0.4506671253 Taxi
143 160 0.5083353386 Taxi
144 145 0.2273344745 Taxi
144 163 0.5472018924 Bus
144 177 0.4211495398 Taxi
145 146 0.3675818485 Taxi
146 147 0.320918948 Taxi
146 163 0.1615762308 Taxi
147 164 0.240986482 Taxi
148 149 0.355197812 Taxi
148 164 0.4183570768 Taxi
149 150 0.3470033379 Taxi
149 165 0.4623959406 Taxi
150 151 0.2121816329 Taxi
151 152 0.356470524 Taxi
151 165 0.5367817901 Taxi
151 166 0.3386892776 Taxi
152 153 0.2701716135 Taxi
153 154 0.6408825632 Taxi
153 154 0.6408825632 Bus
153 163 1.9188335829 Underground
153 166 0.2906906241 Taxi
153 167 0.5542160372 Taxi
153 180 0.9909817663 Bus
153 184 1.2163746839 Bus
153 185 1.6673840075 Underground
154 155 0.346080864 Taxi
154 156 0.6466345866 Bus
155 156 0.4087591241 Taxi
155 167 0.4156099517 Taxi
155 168 0.3878928542 Taxi
156 157 0.3291962711 Taxi
156 157 0.3291962711 Bus
156 169 0.314631563 Taxi
156 184 0.6493068965 Bus
157 158 0.6031953559 Taxi
157 170 0.2209159993 Taxi
157 185 0.8274294926 Bus
158 159 0.7395353014 Taxi
159 170 0.7152539809 Taxi
159 172 0.522548214 Taxi
159 186 0.4234205843 Taxi
159 198 0.6807523269 Taxi
160 128 0.3780148139 Taxi
160 161 0.569389854 Taxi
160 173 0.5896165847 Taxi
161 128 0.9434147735 Bus
161 174 0.4346591221 Taxi
161 199 1.4750486618 Bus
162 175 0.602134481 Taxi
163 176 0.7900764454 Bus
163 177 0.4617040759 Taxi
163 191 0.7810560058 Bus
164 178 0.2715485436 Taxi
164 179 0.5609050935 Taxi
165 179 0.3606312212 Taxi
165 180 0.2839219028 Taxi
165 180 0.2839219028 Bus
165 191 0.814024076 Bus
166 181 0.4015262055 Taxi
166 183 0.4372865927 Taxi
167 168 0.2733086894 Taxi
167 183 0.240986482 Taxi
168 184 0.3898794266 Taxi
169 184 0.3606312212 Taxi
170 185 0.6072887422 Taxi
171 173 0.5951927046 Taxi
171 175 0.8790697353 Taxi
171 199 0.5260540948 Taxi
172 128 0.4669821767 Taxi
172 187 0.5771964445 Taxi
173 174 0.6741459789 Taxi
173 188 0.4048957153 Taxi
174 175 0.4093452523 Taxi
176 177 0.3507449278 Taxi
176 189 0.5383675596 Taxi
176 190 0.909337898 Bus
178 189 0.7795196686 Taxi
178 191 0.4981183626 Taxi
179 191 0.454668949 Taxi
180 181 0.3895376369 Taxi
180 184 1.6577219261 Bus
180 190 1.3612306975 Bus
180 193 0.3887846419 Taxi
181 182 0.1666089374 Taxi
181 193 0.3452330975 Taxi
182 183 0.447225509 Taxi
182 195 0.4025863426 Taxi
183 196 0.3793514295 Taxi
184 185 0.4544931409 Taxi
184 185 0.4544931409 Bus
184 196 0.5450556118 Taxi
184 197 0.5825713851 Taxi
185 186 0.4474041729 Taxi
185 187 0.956455085 Bus
186 198 0.5203002449 Taxi
187 188 0.7626252781 Taxi
187 198 0.4637191292 Taxi
187 199 1.0040675971 Bus
188 199 0.5869448319 Taxi
189 190 0.3806833521 Taxi
190 191 0.61772701 Taxi
190 191 0.61772701 Bus
190 192 0.5305921707 Taxi
191 192 0.4312132989 Taxi
192 194 1.1299732162 Taxi
193 194 0.1562112012 Taxi
194 195 0.2847650979 Taxi
195 197 0.5200954023 Taxi
196 197 0.2957780962 Taxi
198 199 1.0917229119 Taxi
