199 437
1
2
3
4
5
6
7
8
9
10
11
12
13
14
15
16
17
18
19
20
21
22
23
24
25
26
27
28
29
30
31
32
33
34
35
36
37
38
39
40
41
42
43
44
45
46
47
48
49
50
51
52
53
54
55
56
57
58
59
60
61
62
63
64
65
66
67
68
69
70
71
72
73
74
75
76
77
78
79
80
81
82
83
84
85
86
87
88
89
90
91
92
93
94
95
96
97
98
99
100
101
102
103
104
105
106
107
108
109
110
111
112
113
114
115
116
117
118
119
120
121
122
123
124
125
126
127
128
129
130
131
132
133
134
135
136
137
138
139
140
141
142
143
144
145
146
147
148
149
150
151
152
153
154
155
156
157
158
159
160
161
162
163
164
165
166
167
168
169
170
171
172
173
174
175
176
177
178
179
180
181
182
183
184
185
186
187
188
189
190
191
192
193
194
195
196
197
198
199
1 58 1.52028218608 Bus
1 46 1.62539519246 Underground
3 22 1.05415713697 Bus
3 23 0.947809586581 Bus
7 42 1.11035310189 Bus
13 23 0.473722065389 Bus
13 14 0.634868674863 Bus
13 52 1.34427508228 Bus
14 15 0.564361511827 Bus
15 41 0.950728175741 Bus
15 29 1.28294924365 Bus
22 34 0.408563561143 Bus
22 23 0.543293257399 Bus
22 65 0.946375066182 Bus
23 67 1.17416195431 Bus
29 41 0.744167654069 Bus
29 42 0.708480554455 Bus
29 55 0.565069116291 Bus
34 46 0.901393360236 Bus
34 63 0.843215773288 Bus
41 52 0.524380293596 Bus
41 87 1.0380629674 Bus
42 72 0.575532517893 Bus
46 58 0.794045182685 Bus
46 78 0.810218978102 Bus
52 67 0.905374343166 Bus
52 86 0.851546749378 Bus
55 89 0.721594778936 Bus
58 74 0.635874939409 Bus
58 77 0.836140865345 Bus
63 79 0.527571124076 Bus
63 65 0.71577522173 Bus
63 100 0.726194838138 Bus
65 67 0.727660715362 Bus
65 82 0.390152642771 Bus
67 82 0.800826734628 Bus
67 102 0.517373580925 Bus
72 105 0.747560723289 Bus
72 107 0.931622513263 Bus
74 94 0.312081143452 Bus
77 94 0.974855708177 Bus
77 78 0.43090429615 Bus
77 124 1.19172739457 Bus
78 79 0.274863801223 Bus
82 100 0.490573944512 Bus
82 140 1.25286182069 Bus
86 87 0.477195886969 Bus
86 102 0.861963135222 Bus
86 116 0.715365707358 Bus
87 105 0.707539901667 Bus
89 105 0.332016508483 Bus
93 94 0.455195965771 Bus
100 111 0.508335338583 Bus
102 127 0.884055819078 Bus
105 107 0.800427452535 Bus
105 108 0.466811005995 Bus
107 161 1.66388138161 Bus
108 116 1.0454277475 Bus
108 135 0.605883385969 Bus
111 124 0.767951205671 Bus
116 127 0.631671595221 Bus
116 142 0.854045791432 Bus
122 144 0.862982424398 Bus
122 123 0.894808345736 Bus
123 144 1.61658646645 Bus
123 165 0.980957809864 Bus
123 124 0.520505006891 Bus
124 153 0.827783569552 Bus
127 133 0.516136336633 Bus
128 199 1.46233366051 Bus
128 187 1.04218649895 Bus
133 140 0.547639868085 Bus
133 157 0.653274476942 Bus
135 128 0.757156349191 Bus
135 161 0.859858971644 Bus
140 154 0.597337228104 Bus
140 156 0.631165312803 Bus
142 157 1.0871012466 Bus
142 128 0.470392510532 Bus
144 163 0.547201892379 Bus
153 154 0.64088256319 Bus
153 180 0.990981766334 Bus
153 184 1.21637468394 Bus
154 156 0.64663458658 Bus
156 157 0.329196271059 Bus
156 184 0.64930689654 Bus
157 185 0.82742949261 Bus
161 128 0.943414773476 Bus
161 199 1.47504866175 Bus
163 176 0.790076445415 Bus
163 191 0.781056005804 Bus
165 191 0.814024076016 Bus
165 180 0.283921902756 Bus
176 190 0.90933789795 Bus
180 184 1.65772192605 Bus
180 190 1.36123069745 Bus
184 185 0.454493140907 Bus
185 187 0.956455084981 Bus
187 199 1.00406759711 Bus
190 191 0.617727009975 Bus
1 8 0.480256471521 Taxi
1 9 0.558954444353 Taxi
2 20 0.949606703012 Taxi
2 10 0.863815493666 Taxi
3 11 0.481807119145 Taxi
3 12 0.56887497134 Taxi
3 4 0.57779612926 Taxi
4 13 0.598584652075 Taxi
5 15 0.540441820742 Taxi
5 16 0.424739752583 Taxi
6 29 0.693584308755 Taxi
6 7 0.691699722072 Taxi
7 17 0.675488192774 Taxi
8 18 0.320669819511 Taxi
8 19 0.387136660034 Taxi
9 19 0.412909069306 Taxi
9 20 0.347003337927 Taxi
10 11 0.354071031697 Taxi
10 21 0.689732744613 Taxi
10 34 0.651641288195 Taxi
11 22 0.576041449838 Taxi
12 23 0.379632222597 Taxi
13 24 0.459622233326 Taxi
14 25 0.532896707984 Taxi
15 16 0.702248961799 Taxi
15 26 0.249886755746 Taxi
15 28 0.556326978461 Taxi
16 28 0.366783781793 Taxi
16 29 0.587262455051 Taxi
17 29 0.608471986755 Taxi
17 30 0.447642280481 Taxi
18 31 0.286164901955 Taxi
18 43 0.526459063365 Taxi
19 32 0.466354243649 Taxi
20 33 0.459622233326 Taxi
21 33 0.360113763023 Taxi
22 35 0.323234887963 Taxi
23 37 0.316909391914 Taxi
24 37 0.640341962028 Taxi
24 38 0.373049119392 Taxi
25 38 0.285512514096 Taxi
25 39 0.253380364346 Taxi
26 39 0.562233355085 Taxi
26 27 0.24482496104 Taxi
27 28 0.274863801223 Taxi
27 40 0.448652828048 Taxi
28 41 0.411098623075 Taxi
30 42 0.457530918079 Taxi
31 43 0.429913994821 Taxi
31 44 0.568125218169 Taxi
32 44 0.41342488346 Taxi
32 33 0.582708552154 Taxi
32 45 0.421086280346 Taxi
33 46 0.347999925286 Taxi
34 47 0.444357116941 Taxi
34 48 0.399330784426 Taxi
35 36 0.204900275148 Taxi
35 48 0.457297959348 Taxi
35 65 0.625569163827 Taxi
36 37 0.443997264985 Taxi
36 49 0.313953476899 Taxi
37 50 0.426367353767 Taxi
38 50 0.581381248226 Taxi
38 51 0.299625923384 Taxi
39 51 0.365838367479 Taxi
39 52 0.315899051217 Taxi
40 52 0.293880615171 Taxi
40 41 0.230823186874 Taxi
40 53 0.292153227682 Taxi
41 54 0.29142284347 Taxi
42 56 0.401459854015 Taxi
43 57 0.469712424619 Taxi
44 58 0.268589335664 Taxi
45 58 0.378578174595 Taxi
45 60 0.248175182482 Taxi
45 59 0.324140194324 Taxi
45 46 0.415481736372 Taxi
46 47 0.45723970112 Taxi
46 61 0.473328258011 Taxi
47 62 0.511157413139 Taxi
48 62 0.61820120643 Taxi
48 63 0.448177560088 Taxi
49 50 0.460837784457 Taxi
49 66 0.287650518179 Taxi
51 67 0.547980273843 Taxi
51 52 0.387961526012 Taxi
51 68 0.364817489039 Taxi
52 69 0.363280792354 Taxi
53 54 0.276987824248 Taxi
53 69 0.245368413343 Taxi
54 55 0.642708916166 Taxi
54 70 0.350440989318 Taxi
55 71 0.319254419396 Taxi
56 91 0.534643505905 Taxi
57 58 0.56209119148 Taxi
57 73 0.272527805877 Taxi
58 59 0.217758158981 Taxi
58 75 0.393687198837 Taxi
59 75 0.345849861036 Taxi
59 76 0.294242983515 Taxi
60 61 0.448118116151 Taxi
60 76 0.275154406204 Taxi
61 62 0.270860953508 Taxi
61 76 0.563511213595 Taxi
61 78 0.337033470967 Taxi
62 79 0.353167019077 Taxi
63 64 0.372191205372 Taxi
63 80 0.286257978849 Taxi
64 65 0.343608826159 Taxi
64 81 0.50073205507 Taxi
65 66 0.209019285595 Taxi
66 67 0.51871059867 Taxi
66 82 0.425178565816 Taxi
67 68 0.533296480514 Taxi
67 84 0.346772949495 Taxi
68 69 0.403775669662 Taxi
68 85 0.313953476899 Taxi
69 86 0.494468308159 Taxi
70 71 0.591421077342 Taxi
70 87 0.409410325909 Taxi
71 72 0.474508699654 Taxi
71 89 0.403115365591 Taxi
72 91 0.460779973784 Taxi
72 90 0.421212789672 Taxi
73 74 0.3252068527 Taxi
73 92 0.49209208148 Taxi
74 92 0.470788773623 Taxi
74 75 0.36114793801 Taxi
75 94 0.490519638435 Taxi
76 77 0.325534352131 Taxi
77 95 0.730072978105 Taxi
77 96 0.476637305615 Taxi
78 97 0.387892854178 Taxi
79 98 0.351124480899 Taxi
80 99 0.224860172274 Taxi
80 100 0.467381331199 Taxi
81 82 0.236861032695 Taxi
81 100 0.259919617734 Taxi
82 101 0.209019285595 Taxi
83 101 0.495920810262 Taxi
83 102 0.302457654819 Taxi
84 85 0.267695194466 Taxi
85 103 0.153978270874 Taxi
86 103 0.450075620714 Taxi
86 104 0.240875912409 Taxi
87 88 0.182919183739 Taxi
88 117 0.77540788783 Taxi
88 89 0.330085227871 Taxi
90 105 0.326841068281 Taxi
90 91 0.552289998191 Taxi
91 105 0.774204504949 Taxi
91 107 0.522548213988 Taxi
92 93 0.199231300204 Taxi
94 95 0.24482496104 Taxi
95 122 1.09685954333 Taxi
96 97 0.260840414383 Taxi
96 109 0.495598399906 Taxi
97 98 0.276987824248 Taxi
97 109 0.437286592723 Taxi
98 99 0.350440989318 Taxi
98 110 0.360631221227 Taxi
99 110 0.226630287537 Taxi
99 112 0.35474752935 Taxi
100 101 0.468576754619 Taxi
100 112 0.334255566186 Taxi
100 113 0.301752213264 Taxi
101 114 0.303600501359 Taxi
102 103 0.41194017692 Taxi
102 115 0.31079808549 Taxi
104 116 0.474508699654 Taxi
105 106 0.419628681805 Taxi
106 107 0.38208035995 Taxi
107 119 0.660735152271 Taxi
108 117 0.487304868043 Taxi
108 119 0.754512946443 Taxi
109 110 0.536483936497 Taxi
109 124 0.318000305267 Taxi
110 111 0.202940712036 Taxi
111 112 0.174114750976 Taxi
112 125 0.336479724719 Taxi
113 114 0.443276684692 Taxi
113 125 0.381033084267 Taxi
114 115 0.500306262429 Taxi
114 126 0.270171613479 Taxi
114 131 0.803748742538 Taxi
114 132 0.387480567591 Taxi
115 127 0.625952308745 Taxi
115 126 0.44134938563 Taxi
116 117 0.6093906997 Taxi
116 118 0.350364963504 Taxi
117 129 0.224860172274 Taxi
118 129 0.529637370326 Taxi
118 134 0.378718883827 Taxi
118 142 0.503702525521 Taxi
119 136 0.543538370544 Taxi
120 121 0.26287508183 Taxi
120 144 0.643206112411 Taxi
121 122 0.374047532126 Taxi
121 145 0.623906150259 Taxi
122 146 0.615913083496 Taxi
123 137 0.376744172279 Taxi
123 148 0.605883385969 Taxi
123 149 0.51871059867 Taxi
124 138 0.321913533886 Taxi
124 130 0.796824910293 Taxi
124 138 0.321913533886 Taxi
125 131 0.18837208614 Taxi
126 127 0.600584012576 Taxi
126 140 0.644199353685 Taxi
127 134 0.377662286723 Taxi
128 188 0.877431772275 Taxi
129 135 0.259919617734 Taxi
129 142 0.689732744613 Taxi
129 143 0.380683352129 Taxi
130 131 0.255370155979 Taxi
130 139 0.252009875936 Taxi
132 140 0.387136660034 Taxi
133 141 0.233234238083 Taxi
134 141 0.372191205372 Taxi
134 142 0.464522702969 Taxi
135 136 0.919244466653 Taxi
135 143 0.320170981014 Taxi
136 162 0.480700024118 Taxi
137 147 0.428424250827 Taxi
138 150 0.353393239034 Taxi
138 152 0.237647016001 Taxi
139 140 0.883663997105 Taxi
139 154 0.424677027965 Taxi
139 153 0.44134938563 Taxi
141 142 0.611136808436 Taxi
141 158 0.385688899668 Taxi
142 143 0.507023503265 Taxi
142 158 0.488233328706 Taxi
143 128 0.450667125268 Taxi
143 160 0.508335338583 Taxi
144 145 0.227334474488 Taxi
144 177 0.421149539759 Taxi
145 146 0.367581848526 Taxi
146 147 0.320918947985 Taxi
146 163 0.161576230812 Taxi
147 164 0.240986482032 Taxi
148 149 0.355197811988 Taxi
148 164 0.418357076815 Taxi
149 150 0.347003337927 Taxi
149 165 0.462395940576 Taxi
150 151 0.212181632901 Taxi
151 152 0.356470524002 Taxi
151 165 0.536781790098 Taxi
151 166 0.338689277609 Taxi
152 153 0.270171613479 Taxi
153 166 0.290690624113 Taxi
153 167 0.55421603716 Taxi
154 155 0.346080863975 Taxi
155 167 0.415609951693 Taxi
155 168 0.387892854178 Taxi
155 156 0.408759124088 Taxi
156 169 0.314631562953 Taxi
157 158 0.603195355945 Taxi
157 170 0.220915999276 Taxi
158 159 0.739535301415 Taxi
159 170 0.715253980928 Taxi
159 172 0.522548213988 Taxi
159 186 0.4234205843 Taxi
159 198 0.680752326929 Taxi
160 161 0.569389853964 Taxi
160 173 0.589616584723 Taxi
160 128 0.378014813904 Taxi
161 174 0.434659122072 Taxi
162 175 0.602134480982 Taxi
163 177 0.461704075938 Taxi
164 178 0.271548543617 Taxi
164 179 0.560905093531 Taxi
165 179 0.360631221227 Taxi
166 181 0.401526205532 Taxi
166 183 0.437286592723 Taxi
167 168 0.273308689443 Taxi
167 183 0.240986482032 Taxi
168 184 0.389879426601 Taxi
169 184 0.360631221227 Taxi
170 185 0.607288742188 Taxi
171 173 0.595192704581 Taxi
171 175 0.879069735318 Taxi
171 199 0.526054094795 Taxi
172 187 0.577196444481 Taxi
172 128 0.466982176693 Taxi
173 174 0.674145978921 Taxi
173 188 0.404895715281 Taxi
174 175 0.409345252345 Taxi
176 177 0.350744927788 Taxi
176 189 0.53836755955 Taxi
178 189 0.779519668604 Taxi
178 191 0.498118362579 Taxi
179 191 0.454668948975 Taxi
180 181 0.389537636909 Taxi
180 193 0.388784641915 Taxi
181 193 0.34523309753 Taxi
181 182 0.16660893738 Taxi
182 183 0.447225508965 Taxi
182 195 0.402586342573 Taxi
183 196 0.379351429494 Taxi
184 196 0.545055611755 Taxi
184 197 0.582571385087 Taxi
185 186 0.447404172868 Taxi
186 198 0.520300244882 Taxi
187 188 0.76262527805 Taxi
187 198 0.463719129176 Taxi
188 199 0.586944831912 Taxi
189 190 0.380683352129 Taxi
190 192 0.530592170668 Taxi
191 192 0.431213298912 Taxi
192 194 1.1299732162 Taxi
193 194 0.156211201161 Taxi
194 195 0.284765097856 Taxi
195 197 0.520095402258 Taxi
196 197 0.295778096195 Taxi
198 199 1.09172291187 Taxi
13 46 2.30505586491 Underground
13 67 1.22922828818 Underground
13 89 2.7883784914 Underground
46 74 1.38341870068 Underground
46 79 0.89197558148 Underground
67 79 1.9706677434 Underground
67 111 1.79345308638 Underground
67 89 1.99282104393 Underground
79 93 2.13454670282 Underground
79 111 0.884748617489 Underground
89 140 2.68906536053 Underground
89 128 1.98739970287 Underground
111 153 1.11561887151 Underground
111 163 2.46920400238 Underground
128 185 1.73323469543 Underground
140 153 1.22297086372 Underground
140 128 1.76613679283 Underground
153 163 1.91883358286 Underground
153 185 1.66738400745 Underground
